x <- 1
y <- 1
cc <- 2