x <- 1
y <- 1
cc <- 2
dd <- 4
cc <- 5